11.130651110644834
12.306366721217593
21.429637086275026
12.838029451024429
8.92785448202528
8.47508084629329
15.906538157133141
16.633572556240924
9.446342853359333
10.31761528186256
22.640336354904182
11.524900564873773
6.636770946625138
6.217137761952845
15.15194308875441
15.345719367374143
9.902856485204913
10.658806662040476
22.11948909924741
11.489310213481675
7.025225150166608
6.370792304704695
14.892935691713069
14.703096166887743
9.714267154846302
10.713051870441799
22.2918111860513
11.71790039085284
6.837911962761773
5.8983757569184085
14.090237853145453
14.97520313212774
11.433516196250675
12.622360807242234
23.250409592055586
13.305057394369754
9.23846334954665
8.814516348115944
15.848107174898026
15.872319010735227
9.172103577046673
10.890077095779658
22.456614120030494
11.912471376318633
6.570437247291457
5.818473353009986
14.066317781069754
15.46439916017203
9.938720166043412
11.169795102459961
22.73891248303623
11.505499025537548
6.892391974430274
6.483136361600695
14.88353901791042
15.01336770242861
9.78181029725943
10.374230350902781
21.642753668408655
11.674697697760843
6.578627408991541
6.220131439947656
14.786525090675948
15.822545751400321
11.673082152243175
12.377445426942446
23.32684909762257
13.520674028825697
9.237059419001032
8.819178436150889
15.69658974630788
17.364069973040046
9.181194086576514
10.573740950646805
21.73871690794548
11.548835938524626
6.762005797660358
6.38674513534352
14.632326525252322
15.554029266157965
9.649191851516477
10.76824693329376
22.171650971883686
11.751858267495638
7.132701850170828
6.416877352232331
15.181379345546633
15.18058746256816
9.144591255212006
11.037865636464298
22.48887560528427
12.152385092396663
6.950242811002264
6.364968982443215
15.359736611789854
16.1397206970186
11.580003286084786
12.714968095001275
23.262999135492592
14.056163437187088
9.48616432705897
8.701085842052604
15.621691055248146
17.026101671790233
10.22767881645346
11.13711100095773
22.025517164798803
12.636816976000182
6.621118505874047
6.307976460878333
14.853799050904213
15.623619188367002
10.645751380851571
11.125071746420552
22.4612817428879
11.850063220196205
6.930504147867049
6.5805154244039805
15.838193319848997
15.585233366834666
9.809244697186246
10.644275531480679
22.488583720336752
11.931756975912638
6.822829468256064
6.502150790456861
14.724823472019622
15.976780190420177
11.670733635515795
12.442211245704948
22.706025374347544
13.771740085739076
9.456593815614596
9.11453768477138
16.63392504002023
16.82061663122269
9.685799870094785
11.030000188004989
22.373036733534562
12.561147282780276
7.006894572242521
6.0327333231982125
15.263525284826471
15.562343078974095
9.941356966032032
10.842244378335899
21.679288245607484
12.040718479875716
7.090421536732449
6.770121731695516
15.639580969108044
15.89174550798305
10.009401116991556
11.084083956958827
22.367971066250323
12.080674461643309
6.8570192572996
6.270166717587565
14.935711067931946
15.915190378260299
11.43888769254403
12.145577086247188
22.118125778463142
13.317554849787076
9.184229529144877
8.823427900024683
16.317417917577092
17.455431546910653
9.989150387686099
10.791171507446423
21.417786309963702
11.255282853078992
6.715739961112755
6.334788168537223
14.81855742637433
17.00212108593279
9.391827048647587
11.185122754023485
21.717280721203686
11.50196713395815
7.055791831008526
6.483588825735194
14.929830305585348
15.92895717896945
9.83426168456776
10.968545681503988
21.711017022517478
11.63643264591349
6.725155268583739
6.112586897004219
14.780335563440921
15.722936334961693
11.66344311404849
12.72339062330626
22.09918900514715
13.560018494790341
9.071114496096158
8.70765947851971
15.862046776862497
16.77204833671828
10.340005525279494
11.0505735591777
21.221710718935284
12.111178960715632
7.085906725725174
6.6031527622171415
15.253884012324399
15.088834576345363
10.25883495556861
11.299900752385822
22.488511472546406
12.23033246362543
7.358753144686959
6.4527037071974975
15.023202628778376
15.99429146881219
10.312748370591247
10.549771027244455
21.152191498345022
11.611030131966332
6.897030283712006
6.393832183157669
15.462667681858392
15.362353540740969
12.361904697347507
13.082760652149714
22.327425873313558
13.704322869432648
9.517947980720106
8.69950313398419
16.16844236897136
17.481656737456255
10.265164197708462
10.987304400767789
20.96167199154619
11.329362749783046
6.958387750658688
6.037082197888865
14.671872549605913
16.105344341260935
10.220868166452636
11.375445039599434
20.407515149325867
11.2286670193126
7.239356162464765
6.404452123092725
15.403642593168353
16.11890407271669
10.336516143067076
10.891773757769935
21.152516876223686
11.564080689636826
6.900328553137758
6.43150735807768
14.946082934745473
15.984013672572255
11.737444352680225
12.716044060273214
22.270713467962004
12.848260836987443
8.973669771006202
8.491890217981434
16.45471504727223
16.461213598477965
9.622244753726006
10.92594598719641
20.715852884322437
11.07375881659077
6.679136231447704
6.027011830570772
14.612778063039718
16.237047483077834
9.769717719630341
11.19140236582708
20.692224170303366
11.029104174257998
7.614481654643872
6.867678490632318
15.242004628377384
15.961358288123371
10.382465235827288
11.147827165617434
20.768589649944477
10.448839529070266
7.035205927210246
6.4959926362519935
14.635984269824752
15.887449161466268
11.954112512483434
12.513742371990714
22.34818574422116
12.765435830202467
9.28031685545244
8.629094903083049
15.938411230723927
17.295584562351763
10.20086854478167
11.078003488350879
21.47144065391856
10.995730775372474
7.056007254603383
6.35594098155704
15.388414181739636
15.985571718124694
10.373111175388935
11.278203171857841
21.543795691985284
11.99387970790706
7.112751088880904
6.458859284707792
14.888132440593402
15.670683992434567
10.381802631042177
11.03183989500144
21.337540198035548
10.793183163473973
7.161380253582758
6.378617882850866
14.898494826022306
15.433381972819808
11.285064832505832
12.511728731708242
21.72329295392543
12.245541405051158
8.97067929149266
8.523833821572987
16.571240710379687
17.14498256316569
10.146474245558998
11.018258978159327
21.605350940793826
11.052098776968327
6.99698641326505
6.279997675416397
16.054578862208835
16.7957557111882
9.476694937377948
10.79984146653687
21.249428782827685
11.2846231703799
7.097813274354452
6.559458186993988
15.062412035391008
16.088772343779496
9.778625522034515
10.873877890939061
21.225716884736404
10.839934079020262
7.007621500833168
6.148393071322129
15.093521562558758
15.707337391340488
11.355984206409184
12.401416639307364
21.492522124532982
12.798806635019172
9.10658157123181
8.178471072166682
15.648271009612964
16.586050193611154
9.25231234406519
11.255388489244517
21.160163261799816
11.012404438517661
6.7094859442486445
6.152257793007968
15.628228660683478
16.15224272919769
9.333194233926575
11.035530697711023
21.47689844522452
11.394295177641723
7.144113686796927
6.549817866020506
15.446840935037459
15.819372675651561
9.220142609306102
10.365107532503773
21.095443523594774
10.92383062430212
7.149391791766739
6.360006730266293
14.944339110835509
15.191784260422523
10.97471715244793
12.4027984615346
21.93869378549557
12.5462673903251
8.87568027310701
7.987995921983153
15.423413524177846
16.151401624350974
9.35202266600994
10.445269930052559
21.652652124814455
11.69623482220339
6.951378658859769
6.023159043332477
14.917833420647193
16.186058481834483
9.79254613344203
11.083264177959116
21.9764215181267
12.07060947981979
7.259664519979987
6.371216122913655
14.908722847762123
15.580452703624928
9.265130554706031
11.092068500543883
21.953600283786592
11.181297870673374
7.064316876300524
6.261013341571679
14.192277786327312
14.541687699562996
11.161900553216482
11.881781726017854
21.799121930014078
11.911683643117792
8.781615564751347
8.098583314620821
15.676275232088773
16.20791277205107
9.22118032319825
10.37253332391192
20.876819041823282
11.064132371552931
6.820306211935981
6.2571030257789495
14.976146764399894
15.619945313220061
9.429559823652243
10.825668903435306
21.287302526352406
11.17460159557908
7.174043757935832
6.933151148728659
15.531158786681704
15.05789234932587
9.098125080701362
10.91894641188425
21.938069057441318
11.00848142694947
6.817694340375004
6.2798954000352945
14.570061645580507
16.53708252410993
10.610408460782185
12.181365322659353
21.53614625630713
12.995336805122811
8.927571958158312
8.204354594188363
15.540559536981146
16.446039156455516
9.165353096912593
11.07659740247534
21.972287906366198
11.3648997540406
7.150480253545542
6.361819159115058
14.670452389478292
15.599298345747815
9.718536280991113
11.688120996129706
21.514908432664704
11.168800367483302
7.407040984633523
6.881811533902007
15.290424818662828
15.451936727232498
9.15437899009178
10.624975084724024
20.84081270870319
11.190481746737536
6.749578769843865
6.046965169383036
15.012495190212734
15.692304380575479
10.795052290853896
12.098245201531348
22.441832149182794
12.663928121374934
8.905769159562958
8.625298569037344
15.850754501841175
17.14040268678441
8.917770544611562
10.685448030284748
22.17906259232184
11.149341441149236
6.951272238863338
6.17736896277186
15.178157455320932
16.235867882435045
9.242717886396875
11.222016331968135
21.964143262484
11.612192382614477
7.501162296047761
7.280712226993579
15.263665967520339
16.432875478856733
8.916622735281862
10.1869207871855
21.931176363898267
11.767539321195004
6.841871438858438
6.128687113743894
14.806791671582051
16.094667637587378
10.791490064368451
11.849388459144368
22.630086937499016
12.279833774454657
8.714397120922659
8.098311565862678
15.725061766016085
16.66144243190424
9.38701881941276
10.542403881678455
21.458724875203266
10.80226542792357
6.804481929963158
6.609948133286308
14.716434010113243
15.619680183382505
9.581546741386596
11.025767582532193
22.03436606900316
12.076021385568897
7.447722919442791
6.989694413037462
15.329132585271402
15.884968637835659
9.624491521283037
10.728273094554376
21.546490815656533
11.449873070784749
6.940560516029932
6.101876724929219
14.576961920693746
15.778965562424744
10.618284698665438
12.2293198977522
22.988457803104975
12.88523064630384
9.075879819880646
8.338117150834792
15.167483337687976
16.103432561413115
9.417355503019696
10.678331365186574
22.173388042943916
12.457790316508802
7.144324369737765
6.315347379910723
15.044607797974157
15.270881544100366
9.979952331932552
11.065378210200278
22.535776028989023
12.152292022993965
7.521741407314065
7.032724483128697
15.722177719550015
15.614411679016664
9.144041358789298
10.731799505195685
21.923089411093617
11.584089749718107
6.860982310935081
6.299130925912957
15.442625745161413
15.17296034009972
10.714001767683415
12.166330112537063
22.916561229291652
12.536291878762437
8.874084262255794
8.644229429634658
15.830061253046734
16.019454200763782
9.18801870062848
10.704944079590815
22.31888329353397
12.199298389231167
6.930607715112548
5.945219559704295
15.24337815190209
14.88493087061136
9.369873555917401
11.125120697784292
23.187190810381427
12.713196895853933
7.634169490329035
6.734241036834248
14.673181871366326
15.440112481368176
9.443116340488087
10.593305253875528
22.517114403252418
12.107452476492965
7.4115213598211795
6.0168144060322915
15.040258033077128
15.398314146328428
10.84604115649704
12.53274389177185
22.517355474474133
13.126155410697189
9.11543204470433
8.36694045811062
16.035189185261334
15.959566096222959
9.00888241972573
10.562307456364206
21.34636392546573
12.223954995269635
6.88699755262365
6.03953940992457
14.39746352225954
15.143593729152885
9.419856439696655
11.062262250826734
21.72301701501201
12.769428395381986
7.330984922678026
6.429321129926021
14.665427581390984
15.19531440154972
9.245906125057099
10.793606307546472
22.151109749957126
12.486160659378644
6.964846254233284
6.208010626600436
14.461150771580927
15.307248678316963
9.67745425077953
11.07727756266503
22.038275789270074
12.487778082821201
7.3158689576339615
6.467187517906788
14.171344437961963
15.658563238761966
9.072816865960688
11.031107457011027
22.226326053074235
11.3520181251049
7.0125075784138815
5.935868857517674
13.799254331604178
14.56650198321731
9.191304814241155
11.128788465191219
22.025434027925428
11.829177695870289
7.263377467495316
6.0318947946206745
14.067001238881222
14.82752953448609
9.140977467873304
10.719846103062586
22.397107133187188
12.074895157745608
6.836042269020334
5.873705561323725
13.69819305951335
14.765122819753756
9.571966472426494
10.725480386005618
22.501881376816634
12.054132075167082
6.506774538253861
5.851185623232437
14.380459299748908
14.353444315078109
9.080145280505812
10.568265481257061
21.59194325587945
11.44577017085145
6.809704837610138
6.006904879349494
14.950101546627538
14.90829497119431
9.161815200968258
10.64590883459244
21.337439216981128
11.966505463009673
7.011238158383073
5.9103364463659345
14.404014404804519
14.803986308194684
9.211347471763782
10.96725977538026
21.696886798019086
11.683681933625566
6.806157206203479
6.13334577783045
14.33568519169766
15.373302335492939
9.421336019015245
10.930446882489772
21.412144499599073
11.416453857895645
6.809737875817592
5.994962585431616
14.730542572069421
14.785156891804311
9.657959814934303
10.793461043209522
21.82828891988886
11.926006100677862
6.783439930228343
6.233098416335131
15.148337647488953
15.9787758913721
9.261485552635103
10.349564440338794
22.423235687471447
12.052729122082729
6.8719027475434835
6.123021357115216
14.722342016865657
15.291818294804381
8.849508349748369
10.371414469466405
22.36324856562503
12.17460987177556
7.064440457788852
6.204134535080101
14.658514724326356
15.062988676291855
9.490928962694719
10.889784083942798
21.602901198277124
11.7790541715256
7.056537950614932
6.4485409562744564
15.291483548326758
15.971881372451298
9.075561719542804
10.449297066336646
22.262187552760285
11.814302607515916
6.758407330927289
6.114646236356867
14.76739627217089
16.16851305456002
9.200632576920292
10.503881865145921
22.247153857824
11.912485294512576
6.826277809090788
5.988934503995662
15.571318914256585
16.413780861814192
9.141395207246156
10.99866644388875
22.06868131653786
11.928699347786923
6.946811376878127
6.222893037697138
15.218338717442343
15.4455091918213
9.450289301274738
11.632459377027974
22.42673794555691
12.391482328893497
6.963124399664868
6.466533226961631
15.239648791677828
15.347251560876158
8.940330816065245
10.991949580862476
22.728635030724305
11.56043491470711
6.475497796413094
5.87586791966044
14.034896431569141
15.242429554890911
8.763770766766385
10.69725804718805
22.064473613439766
11.134170814982784
6.81323871395423
5.900701843527497
14.435081764559339
15.824268188685696
5.977719608496559
7.106303617398793
14.332212246927359
7.540455063633234
5.007456325379574
4.101561712525494
10.027583132641597
10.414583588727846
