-0.4318181818181818
-0.5899064171122995
-0.6747994652406417
-0.5407754010695187
-0.5167112299465241
-0.3760026737967914
-1.1263368983957218
-0.911096256684492
-0.9157754010695187
-0.9471925133689839
-1.5601604278074865
-0.8135026737967914
-0.8983957219251337
-0.9789438502673797
-0.8258689839572193
-1.0310828877005347
-0.6868315508021391
-0.8425802139037433
-0.9177807486631016
-0.7596925133689839
-0.9311497326203209
-0.7947860962566845
-0.8943850267379679
-0.9227941176470589
-0.9147727272727273
-0.9475267379679144
-0.6704545454545454
-1.219585561497326
-1.1440508021390374
-1.1263368983957218
-1.179812834224599
-0.49264705882352944
-0.45254010695187163
-0.5755347593582888
-0.7012032085561497
-0.6955213903743316
-0.7931149732620321
-0.4946524064171123
-0.08790106951871658
-0.08088235294117647
-1.1871657754010696
-1.1042780748663101
-1.0741978609625669
-0.8104946524064172
-1.0461229946524064
-0.9311497326203209
-1.0591577540106951
-1.0344251336898396
-0.7546791443850267
-0.7189171122994652
-0.9846256684491979
-0.5858957219251337
-0.8425802139037433
-0.8469251336898396
-0.9244652406417112
-1.0494652406417113
-0.9872994652406417
-1.2129010695187166
-1.8465909090909092
-1.170788770053476
-1.0116978609625669
-1.0106951871657754
-1.2543449197860963
-0.8796791443850267
-0.5340909090909091
-0.3826871657754011
-0.5100267379679144
-0.661096256684492
-0.45788770053475936
-0.5163770053475936
-0.8843582887700535
-0.4766042780748663
-1.1684491978609626
-1.0013368983957218
-1.5314171122994653
-0.9598930481283422
-1.106951871657754
-0.9662433155080213
-0.8612967914438503
-1.2546791443850267
-0.759024064171123
-0.7436497326203209
-1.0932486631016043
-0.6483957219251337
-0.8278743315508021
-0.661096256684492
-0.41109625668449196
-0.5120320855614974
-0.8221925133689839
-1.107620320855615
-1.3168449197860963
-0.597927807486631
-0.7881016042780749
-0.9502005347593583
-0.776403743315508
-0.3719919786096257
-0.36163101604278075
-0.8612967914438503
-0.6477272727272727
-0.42780748663101603
-0.7884358288770054
-0.6390374331550802
-0.5030080213903744
-0.40441176470588236
-0.8606283422459893
-0.768048128342246
-0.7276069518716578
-0.8512700534759359
-0.9405080213903744
-0.9271390374331551
-1.0434491978609626
-1.0952540106951871
-0.9217914438502673
-1.400735294117647
-1.8071524064171123
-1.1594251336898396
-1.0207219251336899
-0.9425133689839572
-0.8472593582887701
-0.9004010695187166
-0.9244652406417112
-0.6193181818181818
-0.13168449197860962
-0.7543449197860963
-0.9632352941176471
-1.079879679144385
-1.2593582887700534
-0.34893048128342247
-0.5404411764705882
-0.29879679144385024
-0.36530748663101603
-0.3830213903743315
-0.4983288770053476
-0.5250668449197861
-0.6199866310160428
-1.1463903743315509
-0.7784090909090909
-1.1844919786096257
-0.7065508021390374
-0.990975935828877
-1.0377673796791445
-1.0197192513368984
-0.7002005347593583
-1.456216577540107
-0.8883689839572193
-1.0655080213903743
-1.4939839572192513
-1.0628342245989304
-0.9321524064171123
-0.7627005347593583
-0.9846256684491979
-0.7897727272727273
-1.0411096256684491
-0.9425133689839572
-1.4351604278074865
-0.9341577540106952
-0.8358957219251337
-1.0645053475935828
-1.3181818181818181
-1.3693181818181819
-0.4161096256684492
-0.38669786096256686
-0.9649064171122995
-0.48161764705882354
-0.7419786096256684
-0.6891711229946524
-0.24532085561497327
-0.10594919786096256
-0.8536096256684492
-1.0879010695187166
-1.4241310160427807
-1.1216577540106951
-1.000668449197861
-0.8024732620320856
-0.94451871657754
-0.7436497326203209
-0.6848262032085561
-1.0013368983957218
-1.3322192513368984
-0.8088235294117647
-0.7637032085561497
-0.7366310160427807
-0.8917112299465241
-0.7486631016042781
-0.6463903743315508
-0.9281417112299465
-1.0975935828877006
-1.0454545454545454
-0.9582219251336899
-0.94451871657754
-1.282085561497326
-0.8342245989304813
-0.3522727272727273
-0.75701871657754
-0.5852272727272727
-0.49933155080213903
-0.6644385026737968
-0.554144385026738
-0.5902406417112299
-0.6600935828877005
-0.8639705882352942
-0.8409090909090909
-0.4682486631016043
-0.5417780748663101
-0.8716577540106952
-0.9578877005347594
-0.7533422459893048
-0.8957219251336899
-0.8803475935828877
-1.2683823529411764
-2.268048128342246
-1.3068181818181819
-1.039438502673797
-0.8064839572192514
-0.5157085561497327
-0.4675802139037433
-0.8325534759358288
-1.1320187165775402
-0.8084893048128342
-0.7008689839572193
-0.9923128342245989
-0.9231283422459893
-0.883355614973262
-1.3566176470588236
-0.3947192513368984
-0.7784090909090909
-1.115975935828877
-0.9100935828877005
-0.5641711229946524
-0.5324197860962567
-0.75
-0.31985294117647056
-0.7814171122994652
-0.5969251336898396
-0.5497994652406417
-1.0307486631016043
-1.0678475935828877
-1.1146390374331552
-1.27774064171123
-0.5123663101604278
-0.7396390374331551
-0.820855614973262
-0.8125
-0.7697192513368984
-0.8736631016042781
-0.8933823529411765
-0.758355614973262
-1.5147058823529411
-0.7677139037433155
-0.8295454545454546
-1.822192513368984
-0.6186497326203209
-0.9318181818181818
-0.9231283422459893
-0.6213235294117647
-0.9866310160427807
-0.606951871657754
-0.6196524064171123
-0.47393048128342247
-0.8365641711229946
-0.6637700534759359
-0.43282085561497324
-0.5975935828877005
-0.9100935828877005
-1.0698529411764706
-1.1467245989304813
-1.070187165775401
-0.8592914438502673
-1.1189839572192513
-0.8205213903743316
-0.8358957219251337
-1.1945187165775402
-0.5487967914438503
-1.0317513368983957
-1.4989973262032086
-1.0003342245989304
-0.6286764705882353
-0.8957219251336899
-0.8158422459893048
-0.49966577540106955
-0.9522058823529411
-0.7670454545454546
-1.2794117647058822
-0.8104946524064172
-1.0294117647058822
-0.9341577540106952
-0.5200534759358288
-0.7697192513368984
-0.5752005347593583
-0.7192513368983957
-0.339572192513369
-0.4732620320855615
-0.6811497326203209
-0.50701871657754
-0.8135026737967914
-0.8168449197860963
-0.8442513368983957
-0.7730614973262032
-1.3004679144385027
-0.9618983957219251
-0.9030748663101604
-0.9939839572192514
-0.9298128342245989
-0.4341577540106952
-0.9856283422459893
-1.0828877005347595
-1.3592914438502675
-0.7493315508021391
-1.285427807486631
-1.1383689839572193
-1.1647727272727273
-0.7901069518716578
-0.7279411764705882
-1.018048128342246
-0.8760026737967914
-0.9983288770053476
-0.8933823529411765
-0.786096256684492
-0.6828208556149733
-0.9361631016042781
-0.6009358288770054
-0.3716577540106952
-1.3058155080213905
-0.7750668449197861
-0.6457219251336899
-0.7322860962566845
-0.7807486631016043
-1.1490641711229947
-0.6350267379679144
-1.0738636363636365
-1.338235294117647
-1.016711229946524
-0.8626336898395722
-0.8429144385026738
-1.4321524064171123
-0.9311497326203209
-0.9034090909090909
-0.5929144385026738
-0.5401069518716578
-0.6911764705882353
-0.9344919786096256
-0.9278074866310161
-0.9271390374331551
-1.161764705882353
-1.1781417112299466
-1.1377005347593583
-1.5594919786096257
-1.2249331550802138
-1.2165775401069518
-0.9391711229946524
-0.7342914438502673
-1.0544786096256684
-0.6009358288770054
-0.6844919786096256
-1.0
-0.6821524064171123
-0.6741310160427807
-0.828542780748663
-1.0501336898395721
-0.4090909090909091
-0.9732620320855615
-1.3509358288770053
-1.749331550802139
-0.8262032085561497
-0.7891042780748663
-0.7630347593582888
-1.0314171122994653
-1.2570187165775402
-0.5197192513368984
-0.7175802139037433
-0.9261363636363636
-1.0290775401069518
-1.0143716577540107
-0.820855614973262
-0.7122326203208557
-0.6981951871657754
-1.2159090909090908
-0.9064171122994652
-1.3983957219251337
-1.1099598930481283
-1.1356951871657754
-0.9572192513368984
-1.0919117647058822
-0.9959893048128342
-0.7844251336898396
-0.8813502673796791
-1.2961229946524064
-0.17479946524064172
-0.49532085561497324
-0.4799465240641711
-0.14538770053475936
-0.704879679144385
-1.0203877005347595
-1.2262700534759359
-2.2443181818181817
-1.2586898395721926
-1.027072192513369
-1.071524064171123
-0.8272058823529411
-0.6133021390374331
-0.5721925133689839
-0.6727941176470589
-1.0474598930481283
-0.8689839572192514
-1.098596256684492
-0.8806818181818182
-1.043783422459893
-0.6881684491978609
-0.9164438502673797
-0.9481951871657754
-0.26704545454545453
-0.8178475935828877
-0.9084224598930482
-0.9822860962566845
-0.794451871657754
-0.8345588235294118
-0.7927807486631016
-0.9174465240641712
-2.0417780748663104
-0.7078877005347594
-0.7058823529411765
-0.6878342245989305
-0.6363636363636364
-1.2272727272727273
-0.5745320855614974
-0.9976604278074866
-1.8125
-0.7165775401069518
-1.0370989304812834
-1.0407754010695187
-0.5655080213903744
-1.053475935828877
-0.9963235294117647
-0.795120320855615
-1.0183823529411764
-0.9321524064171123
-0.9258021390374331
-0.8469251336898396
-1.099264705882353
-0.9759358288770054
-0.9030748663101604
-1.1006016042780749
-1.1353609625668448
-0.8475935828877005
-0.8866978609625669
-0.9572192513368984
-1.0150401069518717
-0.803475935828877
-0.49766042780748665
-0.24866310160427807
-0.3492647058823529
-0.7931149732620321
-0.5842245989304813
-0.6497326203208557
-0.9268048128342246
-0.5467914438502673
-0.7202540106951871
-1.1918449197860963
-1.405414438502674
-0.8325534759358288
-1.0698529411764706
-1.0260695187165776
-0.7406417112299465
-0.27038770053475936
-0.9505347593582888
-0.8439171122994652
-0.4682486631016043
-0.7884358288770054
-1.0481283422459893
-0.990975935828877
-1.2610294117647058
-1.4087566844919786
-0.9679144385026738
-1.0718582887700534
-1.8502673796791445
-0.8526069518716578
-0.9391711229946524
-0.7723930481283422
-0.7553475935828877
-1.1768048128342246
-0.27406417112299464
-0.5802139037433155
-0.6383689839572193
-0.5879010695187166
-0.5832219251336899
-0.3445855614973262
-0.3252005347593583
-0.06450534759358288
-0.8977272727272727
-0.9161096256684492
-1.3392379679144386
-0.9371657754010695
-1.1143048128342246
-1.2727272727272727
-1.289438502673797
-1.1901737967914439
-0.6905080213903744
-1.089572192513369
-0.8870320855614974
-0.7286096256684492
-0.7489973262032086
-0.8282085561497327
-0.7774064171122995
-0.4749331550802139
-0.7774064171122995
-0.5370989304812834
-0.5795454545454546
-0.9171122994652406
-1.0728609625668448
-1.017379679144385
-0.7600267379679144
-1.1691176470588236
-0.6861631016042781
-1.1637700534759359
-2.0668449197860963
-0.7192513368983957
-0.7727272727272727
-0.8044786096256684
-1.4211229946524064
-0.18181818181818182
-0.4766042780748663
-0.6594251336898396
-0.5411096256684492
-0.9715909090909091
-1.036764705882353
-0.9321524064171123
-0.25
-1.1102941176470589
-1.017379679144385
-1.1657754010695187
-1.6711229946524064
-1.0233957219251337
-0.910427807486631
-0.8927139037433155
-1.0294117647058822
-1.1116310160427807
-0.7693850267379679
-1.0795454545454546
-1.6229946524064172
-0.830548128342246
-1.125668449197861
-1.0989304812834224
-1.4100935828877006
-0.8014705882352942
-0.31517379679144386
-0.5350935828877005
-0.8094919786096256
-0.8379010695187166
-0.8887032085561497
-0.6296791443850267
-0.4752673796791444
-0.7092245989304813
-1.0815508021390374
-1.1266711229946524
-1.2606951871657754
-0.7606951871657754
-0.6567513368983957
-0.6975267379679144
-1.1808155080213905
-1.0668449197860963
-0.8753342245989305
-0.7760695187165776
-1.1380347593582887
-0.9378342245989305
-1.0210561497326203
-1.01403743315508
-0.48629679144385024
-0.9157754010695187
-0.3870320855614973
-1.0374331550802138
-1.0120320855614973
-1.1313502673796791
-0.9488636363636364
-1.0274064171122994
-1.125
-0.9976604278074866
-0.6450534759358288
-0.7483288770053476
-0.20454545454545456
-0.3175133689839572
-0.7733957219251337
-0.6006016042780749
-0.393048128342246
-0.4552139037433155
-0.8288770053475936
-1.0213903743315509
-0.9709224598930482
-1.2817513368983957
-1.0434491978609626
-0.9896390374331551
-1.1052807486631016
-0.5862299465240641
-0.6861631016042781
-0.7383021390374331
-1.7279411764705883
-0.5497994652406417
-0.6617647058823529
-0.829879679144385
-0.7456550802139037
-1.071524064171123
-1.017379679144385
-0.9806149732620321
-1.1500668449197862
-1.1363636363636365
-1.071524064171123
-0.955548128342246
-0.8489304812834224
-1.0969251336898396
-0.7874331550802139
-0.8171791443850267
-1.5391042780748663
-0.45120320855614976
-0.5020053475935828
-0.6300133689839572
-0.6677807486631016
-0.03442513368983957
-0.7814171122994652
-0.8218582887700535
-0.8693181818181818
-0.7937834224598931
-1.0364304812834224
-0.9027406417112299
-0.8419117647058824
-1.5023395721925135
-0.7760695187165776
-0.8736631016042781
-1.5678475935828877
-1.1741310160427807
-1.026403743315508
-0.9996657754010695
-0.7209224598930482
-0.5143716577540107
-0.9144385026737968
-0.9709224598930482
-1.8993983957219251
-0.9943181818181818
-0.9204545454545454
-0.8252005347593583
-1.295120320855615
-0.6935160427807486
-0.5217245989304813
-0.5621657754010695
-0.8278743315508021
-0.9067513368983957
-0.902072192513369
-0.857620320855615
-0.19518716577540107
-0.7309491978609626
-1.1504010695187166
-0.8445855614973262
-0.012366310160427808
-0.9989973262032086
-1.151403743315508
-0.9903074866310161
-0.6875
-0.7025401069518716
-1.393716577540107
-1.2586898395721926
-1.7078877005347595
-1.148061497326203
-0.9495320855614974
-0.9080882352941176
-1.1046122994652405
-1.3900401069518717
-0.6651069518716578
-1.1029411764705883
-1.509692513368984
-0.9856283422459893
-1.0223930481283423
-1.009692513368984
-0.8168449197860963
-0.5347593582887701
-1.039438502673797
-1.0852272727272727
-0.48495989304812837
-0.8549465240641712
-0.8990641711229946
-0.8064839572192514
-0.5207219251336899
-1.5999331550802138
-0.5655080213903744
-0.803475935828877
-1.1179812834224598
-1.1283422459893049
-0.9491978609625669
-0.9949866310160428
-1.4495320855614973
-0.1356951871657754
-1.0411096256684491
-0.7931149732620321
-1.4973262032085561
-1.1443850267379678
-1.043783422459893
-1.0110294117647058
-0.954879679144385
-0.9391711229946524
-0.9258021390374331
-1.1487299465240641
-1.329879679144385
-0.740975935828877
-0.8258689839572193
-0.8629679144385026
-1.0969251336898396
-1.2907754010695187
-0.5347593582887701
-0.7105614973262032
-1.2159090909090908
-0.6540775401069518
-0.991644385026738
-0.875
-0.9618983957219251
-0.7072192513368984
-1.1470588235294117
-1.152072192513369
-1.5625
-1.1360294117647058
-1.0802139037433156
-1.0691844919786095
-1.0725267379679144
-1.101938502673797
-0.7506684491978609
-1.108288770053476
-0.3502673796791444
-0.7977941176470589
-1.0858957219251337
-0.9946524064171123
-0.9030748663101604
-0.6470588235294118
-0.902072192513369
-1.1112967914438503
-2.106283422459893
-0.820855614973262
-0.7640374331550802
-0.7700534759358288
-0.8355614973262032
-0.9481951871657754
-0.7616978609625669
-0.6290106951871658
-0.8783422459893048
-1.0274064171122994
-0.9080882352941176
-1.0999331550802138
-1.2827540106951871
-1.0421122994652405
-0.733957219251337
-0.8449197860962567
-1.5487967914438503
-0.86798128342246
-1.0340909090909092
-0.7727272727272727
-0.21991978609625668
-1.3258689839572193
-0.7012032085561497
-0.8506016042780749
-0.9154411764705882
-0.6811497326203209
-0.9451871657754011
-1.0511363636363635
-1.398061497326203
-0.4682486631016043
-0.9408422459893048
-0.7282754010695187
-0.5711898395721925
-0.8385695187165776
-0.8887032085561497
-0.7149064171122995
-0.7322860962566845
-1.148061497326203
-0.7222593582887701
-1.0334224598930482
-1.3262032085561497
-0.5043449197860963
-0.8342245989304813
-1.0143716577540107
-0.4070855614973262
-1.0932486631016043
-1.2008689839572193
-1.0645053475935828
-2.407754010695187
-1.4669117647058822
-1.125
-0.9602272727272727
-1.2536764705882353
-1.469585561497326
-1.1296791443850267
-1.1631016042780749
-0.3024732620320856
-0.8836898395721925
-0.8312165775401069
-1.0053475935828877
-0.6848262032085561
-0.6961898395721925
-0.34725935828877
-0.4699197860962567
-0.455548128342246
-0.23696524064171123
-0.46356951871657753
-0.38135026737967914
-0.06818181818181818
-0.1497326203208556
